          ----- ----- -------  -----  ----- | ---- ----- --------- --------- --------- |
          mn it mx it  avg it    its  ttits |   ss    ts        st      stps     stpit |
    0.000     0     0     0.0      0      0 |    1     1    0.0000    0.0000    0.0000 |
    1.000     7     8     7.7    308    308 |   40    41    0.0294    0.0007    0.0001 |
    2.000     8     8     8.0    320    628 |   40    81    0.0374    0.0009    0.0001 |
    3.000     8     8     8.0    320    948 |   40   121    0.0374    0.0009    0.0001 |
    4.000     8     8     8.0    320   1268 |   40   161    0.0373    0.0009    0.0001 |
    5.000     8     8     8.0    320   1588 |   40   201    0.0373    0.0009    0.0001 |
    6.000     8     8     8.0    320   1908 |   40   241    0.0353    0.0009    0.0001 |
    7.000     8     8     8.0    320   2228 |   40   281    0.0379    0.0009    0.0001 |
    8.000     8     8     8.0    320   2548 |   40   321    0.0376    0.0009    0.0001 |
    9.000     8     8     8.0    320   2868 |   40   361    0.0376    0.0009    0.0001 |
   10.000     8     8     8.0    320   3188 |   40   401    0.0359    0.0009    0.0001 |
   11.000     8     8     8.0    320   3508 |   40   441    0.0374    0.0009    0.0001 |
   12.000     8     8     8.0    320   3828 |   40   481    0.0374    0.0009    0.0001 |
   13.000     8     8     8.0    320   4148 |   40   521    0.0376    0.0009    0.0001 |
   14.000     8     8     8.0    320   4468 |   40   561    0.0373    0.0009    0.0001 |
   15.000     7     8     8.0    319   4787 |   40   601    0.0381    0.0010    0.0001 |
   16.000     6     7     6.3    252   5039 |   40   641    0.0252    0.0006    0.0001 |
   17.000     6     6     6.0    240   5279 |   40   681    0.0173    0.0004    0.0001 |
   18.000     6     6     6.0    240   5519 |   40   721    0.0172    0.0004    0.0001 |
   19.000     6     6     6.0    240   5759 |   40   761    0.0186    0.0005    0.0001 |
   20.000     6     6     6.0    240   5999 |   40   801    0.0288    0.0007    0.0001 |
   21.000     5     6     5.3    214   6213 |   40   841    0.0259    0.0006    0.0001 |
   22.000     5     6     5.1    203   6416 |   40   881    0.0248    0.0006    0.0001 |
   23.000     5     5     5.0    200   6616 |   40   921    0.0245    0.0006    0.0001 |
   24.000     5     5     5.0    200   6816 |   40   961    0.0245    0.0006    0.0001 |
   25.000     5     5     5.0    200   7016 |   40  1001    0.0244    0.0006    0.0001 |
   26.000     5     5     5.0    200   7216 |   40  1041    0.0245    0.0006    0.0001 |
   27.000     5     5     5.0    200   7416 |   40  1081    0.0244    0.0006    0.0001 |
   28.000     5     5     5.0    200   7616 |   40  1121    0.0223    0.0006    0.0001 |
   29.000     5     5     5.0    200   7816 |   40  1161    0.0243    0.0006    0.0001 |
   30.000     5     5     5.0    200   8016 |   40  1201    0.0243    0.0006    0.0001 |
   31.000     5     5     5.0    200   8216 |   40  1241    0.0248    0.0006    0.0001 |
   32.000     5     5     5.0    200   8416 |   40  1281    0.0168    0.0004    0.0001 |
   33.000     5     5     5.0    200   8616 |   40  1321    0.0151    0.0004    0.0001 |
   34.000     5     5     5.0    200   8816 |   40  1361    0.0145    0.0004    0.0001 |
   35.000     5     5     5.0    200   9016 |   40  1401    0.0145    0.0004    0.0001 |
   36.000     5     5     5.0    200   9216 |   40  1441    0.0148    0.0004    0.0001 |
   37.000     5     5     5.0    200   9416 |   40  1481    0.0145    0.0004    0.0001 |
   38.000     4     5     4.7    187   9603 |   40  1521    0.0138    0.0003    0.0001 |
   39.000     4     4     4.0    160   9763 |   40  1561    0.0121    0.0003    0.0001 |
   40.000     4     4     4.0    160   9923 |   40  1601    0.0122    0.0003    0.0001 |
   41.000     4     4     4.0    160  10083 |   40  1641    0.0125    0.0003    0.0001 |
   42.000     4     5     4.6    184  10267 |   40  1681    0.0136    0.0003    0.0001 |
   43.000     5     5     5.0    200  10467 |   40  1721    0.0149    0.0004    0.0001 |
   44.000     5     5     5.0    200  10667 |   40  1761    0.0146    0.0004    0.0001 |
   45.000     5     5     5.0    200  10867 |   40  1801    0.0147    0.0004    0.0001 |
   46.000     4     5     4.8    193  11060 |   40  1841    0.0142    0.0004    0.0001 |
   47.000     4     5     4.6    183  11243 |   40  1881    0.0137    0.0003    0.0001 |
   48.000     4     5     4.1    165  11408 |   40  1921    0.0124    0.0003    0.0001 |
   49.000     4     4     4.0    160  11568 |   40  1961    0.0121    0.0003    0.0001 |
   50.000     4     4     4.0    160  11728 |   40  2001    0.0121    0.0003    0.0001 |
   51.000     4     4     4.0    160  11888 |   40  2041    0.0122    0.0003    0.0001 |
   52.000     4     4     4.0    160  12048 |   40  2081    0.0121    0.0003    0.0001 |
   53.000     4     4     4.0    160  12208 |   40  2121    0.0122    0.0003    0.0001 |
   54.000     4     4     4.0    160  12368 |   40  2161    0.0122    0.0003    0.0001 |
   55.000     4     4     4.0    160  12528 |   40  2201    0.0122    0.0003    0.0001 |
   56.000     4     4     4.0    160  12688 |   40  2241    0.0121    0.0003    0.0001 |
   57.000     4     4     4.0    160  12848 |   40  2281    0.0121    0.0003    0.0001 |
   58.000     4     4     4.0    160  13008 |   40  2321    0.0121    0.0003    0.0001 |
   59.000     4     5     4.9    198  13206 |   40  2361    0.0145    0.0004    0.0001 |
   60.000     5     5     5.0    200  13406 |   40  2401    0.0147    0.0004    0.0001 |
   61.000     5     5     5.0    200  13606 |   40  2441    0.0147    0.0004    0.0001 |
   62.000     5     5     5.0    200  13806 |   40  2481    0.0148    0.0004    0.0001 |
   63.000     4     5     4.7    189  13995 |   40  2521    0.0140    0.0003    0.0001 |
   64.000     4     5     4.3    171  14166 |   40  2561    0.0128    0.0003    0.0001 |
   65.000     4     5     4.0    161  14327 |   40  2601    0.0122    0.0003    0.0001 |
   66.000     4     4     4.0    160  14487 |   40  2641    0.0124    0.0003    0.0001 |
   67.000     4     4     4.0    160  14647 |   40  2681    0.0125    0.0003    0.0001 |
   68.000     4     4     4.0    160  14807 |   40  2721    0.0122    0.0003    0.0001 |
   69.000     4     4     4.0    160  14967 |   40  2761    0.0121    0.0003    0.0001 |
   70.000     4     4     4.0    160  15127 |   40  2801    0.0121    0.0003    0.0001 |
   71.000     4     4     4.0    160  15287 |   40  2841    0.0121    0.0003    0.0001 |
   72.000     4     4     4.0    160  15447 |   40  2881    0.0121    0.0003    0.0001 |
   73.000     4     4     4.0    160  15607 |   40  2921    0.0121    0.0003    0.0001 |
   74.000     4     4     4.0    160  15767 |   40  2961    0.0122    0.0003    0.0001 |
   75.000     4     4     4.0    160  15927 |   40  3001    0.0121    0.0003    0.0001 |
   76.000     4     5     4.1    162  16089 |   40  3041    0.0122    0.0003    0.0001 |
   77.000     5     5     5.0    200  16289 |   40  3081    0.0145    0.0004    0.0001 |
   78.000     5     5     5.0    200  16489 |   40  3121    0.0197    0.0005    0.0001 |
   79.000     5     5     5.0    200  16689 |   40  3161    0.0249    0.0006    0.0001 |
   80.000     5     5     5.0    200  16889 |   40  3201    0.0266    0.0007    0.0001 |
   81.000     4     5     4.8    194  17083 |   40  3241    0.0260    0.0006    0.0001 |
   82.000     4     5     4.4    178  17261 |   40  3281    0.0242    0.0006    0.0001 |
   83.000     4     5     4.1    164  17425 |   40  3321    0.0223    0.0006    0.0001 |
   84.000     4     4     4.0    160  17585 |   40  3361    0.0222    0.0006    0.0001 |
   85.000     4     4     4.0    160  17745 |   40  3401    0.0220    0.0006    0.0001 |
   86.000     4     4     4.0    160  17905 |   40  3441    0.0219    0.0005    0.0001 |
   87.000     4     4     4.0    160  18065 |   40  3481    0.0195    0.0005    0.0001 |
   88.000     4     4     4.0    160  18225 |   40  3521    0.0220    0.0005    0.0001 |
   89.000     4     4     4.0    160  18385 |   40  3561    0.0221    0.0006    0.0001 |
   90.000     4     4     4.0    160  18545 |   40  3601    0.0221    0.0006    0.0001 |
   91.000     4     4     4.0    160  18705 |   40  3641    0.0222    0.0006    0.0001 |
   92.000     4     4     4.0    160  18865 |   40  3681    0.0220    0.0006    0.0001 |
   93.000     4     4     4.0    160  19025 |   40  3721    0.0219    0.0005    0.0001 |
   94.000     4     4     4.0    160  19185 |   40  3761    0.0194    0.0005    0.0001 |
   95.000     4     5     4.1    163  19348 |   40  3801    0.0223    0.0006    0.0001 |
   96.000     5     5     5.0    200  19548 |   40  3841    0.0269    0.0007    0.0001 |
   97.000     5     5     5.0    200  19748 |   40  3881    0.0267    0.0007    0.0001 |
   98.000     5     5     5.0    200  19948 |   40  3921    0.0268    0.0007    0.0001 |
   99.000     5     5     5.0    200  20148 |   40  3961    0.0268    0.0007    0.0001 |
  100.000     5     5     5.0    200  20348 |   40  4001    0.0241    0.0006    0.0001 |
